Print test cases
 12  11  10   9   8
 -1  -1  -1  -1   7
 -1  -1  -1  -1   6
  1   2   3   4   5
  0   0   0   0   0
test 2:
  0   0   0   0   0   0   0   0   0   0   0   0   0   0   0   0   0   0   0   0
  0   0   0   0   0   0   0   0   0   0   0   0   0   0   0   0   0   0   0   0
  0   0   0   0   0   0   0   0   0   0   0   0   0   0   0   0   0   0   0   0
  0   0   0   0   0   0   0   0   0   0   0   0   0   0   0   0   0   0   0   0
  0   0   0   0   0   0   0   0   0   0   0   0   0   0   0   0   0   0   0   0
  0   0   0   0   0   0   0   0   0   0   0   0   0   0   0   0   0   0   0   0
test 3:
 20  19  18  17  16  15  14  13  12  11
  1   2   3   4   5   6   7   8   9  10
test 4, empty:






 Testcase 1======================================
 Subcase 1
  7   2   5
  4   0   8
  1   6   3
 Subcase 2
  4   7   2
  1   0   5
  6   3   8
 Subcase 3
  3   6   1
  8   0   4
  5   2   7
 Subcase 4
 Testcase 2======================================
 Subcase 1
  0   5  10   0
 13   2   7   4
  6   9  14  11
  1  12   3   8
 Subcase 2
  5  10   3  12
  2  13   6   9
  7   4  11  14
  0   1   8   0
 Subcase 3
  2  11   6   0
  5   8   3  14
 12   1  10   7
  9   4  13   0
 Testcase 3======================================
 Subcase 1
  6   0   8
  9   2   5
  4   7  10
  1   0   3
 Subcase 2
  3   0   5
  6   9   2
  1   4   7
  8   0  10
 Subcase 3
  0   0   0
  2   5   8
  7   0   3
  4   1   6
 Subcase 4
  2   0  10
  9   6   3
  4   1   8
  7   0   5
 Testcase 4======================================
 Subcase 1
  3  12   7  18   0
  6  19   4  13   8
 11   2  15  22  17
 20   5  24   9  14
  1  10  21  16  23
 Testcase 5======================================
 Subcase 1
  0   6   3   0   0
  4   0   0   7   0
 -1   2   5  -1  -1
 -1  -1   8  -1  -1
  1   0   0   0   0
 Subcase 2
  0   0   0   0   0
  0   0   0   0   0
 -1   0   2  -1  -1
 -1  -1   0  -1  -1
  0   1   0   0   0
 Subcase 3
  0   0   5   8   0
  6   1   0   3   0
 -1   4   7  -1  -1
 -1  -1   2  -1  -1
  0   0   0   0   0
 Subcase 4
 Testcase 6======================================
 Subcase 1
  0   5   0  19   0  17   0  13   0  11
 -1   2  -1   6  -1   8  -1  10  -1  14
  4  -1  20  -1  18  -1  16  -1  12  -1
  1   0   3   0   7   0   9   0  15   0
 Subcase 2
  0   2   0   6   0   8   0  10   0  14
 -1   5  -1  19  -1  17  -1  13  -1  11
  1  -1   3  -1   7  -1   9  -1  15  -1
  4   0  20   0  18   0  16   0  12   0
 Subcase 3
  0   4   0  20   0  18   0  14   0  12
 -1   1  -1   7  -1   9  -1  11  -1  15
  5  -1   3  -1  19  -1  17  -1  13  -1
  2   0   6   0   8   0  10   0  16   0
 Testcase 7======================================
 Subcase 1
  2  11  -1  -1   4   7   0
  0   0   3  12   9   0   5
 -1   1  10  -1   6   0   8
 Subcase 2
 Subcase 3
  1   4  -1  -1   9   0   7
  0   0  12   3   6   0  10
 -1   2   5  -1  11   8   0
 Testcase 8======================================
 Subcase 1
 16  25   4   7  14
  3  12  15  24   5
 26  17   6  13   8
 11   2  21  28  23
 18  27  30   9  20
  1  10  19  22  29
 Subcase 2
  6  31   4  17  14  25
  3  18   7  24  33  16
 30   5  32  15  26  13
 19   2  11   8  23  34
 10  29  36  21  12  27
  1  20   9  28  35  22